
    ---  CREATED BY DAMSEL     5.0 (r10552) ---
    ------------------------------------------
      CROSS-CORRELATION nsd TABLE BY SUPCOMB  
    ------------------------------------------

Input files:
    1  rpol1_1-1.pdb
    2  rpol1_10-1.pdb
    3  rpol1_2-1.pdb
    4  rpol1_3-1.pdb
    5  rpol1_4-1.pdb
    6  rpol1_5-1.pdb
    7  rpol1_6-1.pdb
    8  rpol1_7-1.pdb
    9  rpol1_8-1.pdb
   10  rpol1_9-1.pdb

SASRES resolution computation:  

   Ensemble Resolution =    83 +-  6 Angstrom
   If you use SASRES resolution estimate in your own publication, 
please cite: A.T. Tuukkanen, G.J. Kleywegt and D.I. Svergun (2016) Resolution of 
ab initio shapes determined from small-angle scattering IUCrJ 3, 440-447.

  File Aver      1      2      3      4      5      6      7      8      9     10
     1   1.11   0.00   1.02   1.22   1.08   1.17   1.01   1.00   1.07   1.07   1.39
     2   1.22   1.02   0.00   1.35   1.25   1.09   1.28   1.25   1.12   1.21   1.40
     3   1.26   1.22   1.35   0.00   1.24   1.23   1.23   1.17   1.30   1.32   1.27
     4   1.13   1.08   1.25   1.24   0.00   1.04   1.04   1.03   1.04   1.06   1.43
     5   1.14   1.17   1.09   1.23   1.04   0.00   1.11   1.19   1.03   1.25   1.14
     6   1.15   1.01   1.28   1.23   1.04   1.11   0.00   1.14   1.19   1.10   1.28
     7   1.21   1.00   1.25   1.17   1.03   1.19   1.14   0.00   1.29   1.30   1.51
     8   1.16   1.07   1.12   1.30   1.04   1.03   1.19   1.29   0.00   1.08   1.33
     9   1.17   1.07   1.21   1.32   1.06   1.25   1.10   1.30   1.08   0.00   1.18
    10   1.32   1.39   1.40   1.27   1.43   1.14   1.28   1.51   1.33   1.18   0.00
  Aver   1.19   1.11   1.22   1.26   1.13   1.14   1.15   1.21   1.16   1.17   1.32

Mean value of NSD         :      1.189
Standard deviation of NSD :      0.065

It is recommend to discard files with nsd > Mean + 2*Standard deviation
 Recommendation       NSD  File
        Include     1.114  rpol1_1-1.pdb
        Include     1.135  rpol1_3-1.pdb
        Include     1.138  rpol1_4-1.pdb
        Include     1.153  rpol1_5-1.pdb
        Include     1.161  rpol1_7-1.pdb
        Include     1.175  rpol1_8-1.pdb
        Include     1.209  rpol1_6-1.pdb
        Include     1.218  rpol1_10-1.pdb
        Include     1.259  rpol1_2-1.pdb
        Discard     1.324  rpol1_9-1.pdb
